
===============================================================================================
instancias/MT-DMP15s0-03.txt
With α: 0.3
1:Solution(trips=[[6, 12, 14, 5, 3], [4, 9, 2, 15, 11, 10, 8, 1], [13, 7]], total_latency=4222)
2:Solution(trips=[[6, 9, 12, 14, 1, 8, 10, 11], [13, 4, 2, 15, 3], [5, 7]], total_latency=5000)
3:Solution(trips=[[12, 14, 5, 10, 3, 11], [4, 9, 6, 1, 13, 8, 15], [2, 7]], total_latency=4368)
------------------------------------------------------------------------------------------------
With α: 0.5
1:Solution(trips=[[9, 12, 14, 5, 3, 11], [1, 13, 8, 6, 4, 2], [10, 7, 15]], total_latency=4452)
2:Solution(trips=[[4, 6, 12, 5, 10, 8], [1, 13, 9, 14, 7, 3], [2, 15, 11]], total_latency=4689)
3:Solution(trips=[[12, 5, 3, 7, 10], [4, 9, 6, 1, 8, 14, 2], [13, 11, 15]], total_latency=4668)
------------------------------------------------------------------------------------------------
With α: 0.8
1:Solution(trips=[[13, 8, 12, 6, 9, 4], [14, 10, 7, 3, 11, 2], [1, 5, 15]], total_latency=4287)
2:Solution(trips=[[6, 14, 8, 13, 1, 9, 4], [12, 10, 3, 11, 15, 2], [5, 7]], total_latency=4114)
3:Solution(trips=[[9, 14, 5, 11, 7, 10, 8], [6, 12, 2, 4, 1], [13, 3, 15]], total_latency=4565)
------------------------------------------------------------------------------------------------
================================================================================================

===============================================================================================
instancias/MT-DMP15s0-04.txt
With α: 0.3
1:Solution(trips=[[11, 15, 1, 3, 9, 2], [8, 14, 10, 7, 5, 12], [13, 4, 6]], total_latency=3917)
2:Solution(trips=[[11, 1, 2, 3, 8, 9], [15, 4, 6, 5, 12, 7, 14], [13, 10]], total_latency=3791)
3:Solution(trips=[[11, 13, 4, 6, 12, 5], [15, 1, 3, 8, 14, 9, 2], [10, 7]], total_latency=3791)
------------------------------------------------------------------------------------------------
With α: 0.5
1:Solution(trips=[[11, 1, 3, 8, 14, 2], [15, 4, 6, 5, 12, 7, 9], [13, 10]], total_latency=3525)
2:Solution(trips=[[15, 7, 10, 14, 2], [1, 8, 5, 6, 13, 11], [3, 9, 12, 4]], total_latency=4725)
3:Solution(trips=[[11, 7, 9, 8, 3, 1], [13, 4, 6, 15, 2, 14], [10, 5, 12]], total_latency=4277)
------------------------------------------------------------------------------------------------
With α: 0.8
1:Solution(trips=[[6, 12, 7, 9, 8, 3, 4], [15, 13, 10, 14, 2], [11, 1, 5]], total_latency=5427)
2:Solution(trips=[[1, 2, 3, 10, 7], [11, 8, 14, 9, 5, 12, 6], [15, 13, 4]], total_latency=3987)
3:Solution(trips=[[15, 1, 3, 9, 10, 7], [11, 2, 8, 14, 5, 6], [13, 4, 12]], total_latency=3958)
------------------------------------------------------------------------------------------------
================================================================================================

===============================================================================================
instancias/MT-DMP10s0-05.txt
With α: 0.3
1:Solution(trips=[[4, 9, 5, 1, 6, 3], [7, 8, 10, 2]], total_latency=1773)
2:Solution(trips=[[4, 9, 5, 1, 6, 3], [7, 8, 10, 2]], total_latency=1773)
3:Solution(trips=[[4, 9, 1, 6, 8, 5], [3, 7, 10, 2]], total_latency=1910)
------------------------------------------------------------------------------------------------
With α: 0.5
1:Solution(trips=[[4, 9, 5, 1, 8, 7], [3, 10, 6, 2]], total_latency=1946)
2:Solution(trips=[[4, 9, 1, 6, 8, 5], [3, 7, 10, 2]], total_latency=1910)
3:Solution(trips=[[4, 5, 6, 8, 3], [9, 2, 1, 10, 7]], total_latency=1961)
------------------------------------------------------------------------------------------------
With α: 0.8
1:Solution(trips=[[4, 7, 8, 3, 9], [5, 6, 1, 2, 10]], total_latency=1955)
2:Solution(trips=[[9, 5, 1, 6, 8, 7], [4, 3, 10, 2]], total_latency=1897)
3:Solution(trips=[[4, 7, 3, 6, 1], [9, 5, 8, 10, 2]], total_latency=2108)
------------------------------------------------------------------------------------------------
================================================================================================

===============================================================================================
instancias/MT-DMP10s0-01.txt
With α: 0.3
1:Solution(trips=[[10, 3, 1, 2, 9], [4, 8, 6, 7, 5]], total_latency=1582)
2:Solution(trips=[[10, 3, 1, 2, 8], [9, 6, 7, 5, 4]], total_latency=1507)
3:Solution(trips=[[10, 3, 1, 2, 9], [8, 6, 7, 5, 4]], total_latency=1529)
------------------------------------------------------------------------------------------------
With α: 0.5
1:Solution(trips=[[3, 2, 9, 6, 5, 4], [10, 1, 8, 7]], total_latency=1644)
2:Solution(trips=[[1, 2, 8, 6, 7, 5, 4], [10, 3, 9]], total_latency=1589)
3:Solution(trips=[[3, 8, 9, 6, 7], [10, 1, 2, 4, 5]], total_latency=1675)
------------------------------------------------------------------------------------------------
With α: 0.8
1:Solution(trips=[[10, 1, 2, 9, 6, 5], [3, 4, 8, 7]], total_latency=1651)
2:Solution(trips=[[1, 2, 8, 9, 7, 4], [10, 3, 6, 5]], total_latency=1749)
3:Solution(trips=[[10, 1, 2, 8, 6, 4], [3, 9, 7, 5]], total_latency=1706)
------------------------------------------------------------------------------------------------
================================================================================================
